-19.404003,23.359533
-3.415834,-24.830972
-10.051760,-3.930030
6.961915,13.253703
-20.870091,-8.381366
-20.886232,-24.520853
15.125592,19.176363
12.017880,19.872621
-5.695848,-20.966475
24.302357,12.390006
5.249895,-24.087700
-6.909640,-20.959105
13.051618,-11.140174
10.960396,8.864159
0.905511,-9.000933
-19.544195,-22.926696
-19.575107,8.422072
-14.861295,3.653005
10.246185,-16.083648
9.399967,1.424133
17.384907,22.478262
5.877623,22.568809
14.414621,-20.245137
6.366667,13.560411
-19.214315,-3.668614
-13.476972,-5.670575
-9.300173,20.959545
-9.343174,1.533007
21.027106,-14.072114
-22.088082,-10.714096
9.971287,-11.003771
0.064757,-20.015101
0.757724,-6.168143
-2.457291,11.529543
16.714375,-4.337680
-1.347934,-12.975992
11.441111,2.773290
-4.861836,-21.895128
-19.198453,-19.672692
-5.487727,-6.226348
0.953993,22.575036
10.233278,-20.602837
-22.808546,20.253878
-13.599497,0.117754
16.486540,-12.271070
-1.348563,-10.096331
-6.180486,5.273236
-3.718612,-17.805085
3.074197,-19.006115
-1.306253,-19.186854
-15.158242,-23.328120
17.130379,-22.012531
3.569620,13.722009
-6.261645,11.265357
-20.213061,19.927642
-6.095266,-15.338615
-21.197434,-9.503789
-15.364878,-13.464995
22.347138,-24.360359
15.385617,-19.569638
-18.776803,7.368655
23.308287,-6.995513
5.150140,17.915541
8.830152,-0.951692
-12.864673,-17.179093
21.741787,-8.835163
1.656974,4.630186
-24.561361,19.941537
23.523041,12.550606
19.008228,11.007139
7.366661,-18.314872
-20.538428,13.789881
7.096518,4.771478
-21.340725,24.511932
-10.015006,-24.219047
6.264419,16.660289
-23.560698,-17.930297
-17.068602,22.285943
11.428405,-7.859229
1.613343,5.232159
-15.165652,-21.631502
20.914140,14.761002
-14.236502,-11.167514
-7.355702,-23.323457
-17.088114,15.942243
-6.496384,13.731643
11.854692,-18.432636
-23.500103,-18.890822
3.043719,-8.018402
-14.089439,-5.526271
20.908388,-11.646899
0.903198,-23.208004
-17.159803,-5.902925
16.516413,3.000197
12.572989,-10.401300
-7.816210,-23.919654
6.069334,-11.096337
5.567588,6.253909
5.449707,-13.085334
4.801722,-15.770043
-23.533387,13.816554
-5.637404,17.105310
22.193386,7.806685
7.987639,-13.874424
21.566596,4.058067
19.296081,22.913035
10.419000,-8.813320
-2.875685,-18.480203
15.681560,12.011318
17.762839,21.426681
-15.700481,-6.633667
-7.339500,-18.929057
3.305525,-17.063287
-15.759384,18.374021
-1.720266,-0.665676
-15.836389,-14.978359
4.571013,-12.347934
14.049853,10.158329
7.773541,13.346514
-21.997593,-0.727143
9.372773,21.194556
8.092783,6.088023
-22.335981,-13.774689
13.166164,16.058920
-23.267499,-16.515669
19.887004,21.044082
10.361685,13.787596
-20.526884,21.005213
-8.308759,-13.739880
-18.082215,-3.136917
-13.038557,7.726313
23.553853,24.917255
23.552190,-22.435528
15.347400,-10.642702
21.153690,-17.011849
9.112250,21.024404
7.200240,-19.447325
-0.162537,-21.373687
24.593683,7.233199
11.203574,-1.737768
-6.004815,-4.929845
-21.021931,15.515326
11.629365,-21.947696
0.686727,-21.667340
1.117390,22.504856
15.717808,3.861820
16.731108,24.611589
22.342626,-15.573010
-0.672327,22.559409
-15.988027,7.278166
-16.070594,-4.055991
4.884752,-19.116464
23.736342,-11.350769
21.376537,-22.248964
2.696243,-23.872510
-10.552210,5.499926
-13.723115,21.763209
13.334851,10.979247
-14.089724,-22.613997
-2.752397,18.086260
-7.439828,-22.485089
-3.950681,15.650237
15.332076,-9.604319
-23.469525,18.844090
-13.343509,1.088681
20.399446,-1.074917
17.052285,-2.409388
16.576769,-8.021656
-17.223340,-5.264864
-9.722032,-5.518169
11.860214,4.610828
5.061447,-20.334460
4.567118,-5.363907
20.590262,19.781246
0.222413,0.028702
14.619404,20.660016
15.234881,-16.979796
7.550881,-10.337442
4.951941,16.823146
-10.100958,14.320491
23.287798,21.127618
21.119057,-14.407861
7.514281,-7.191351
-16.208091,9.610945
-16.057657,21.558711
-8.735326,-3.366114
6.677245,5.493539
-10.827174,9.388751
-9.830323,14.741569
19.566818,18.327850
23.942425,-2.747757
17.600844,10.969175
-0.197042,13.771959
18.773601,-1.570726
10.480706,6.057565
22.666118,9.365715
-12.050182,-16.703152
21.189494,-11.498153
12.778065,0.208832
7.951588,-14.699891
-13.776492,-2.376090
15.982138,15.212215
-3.338152,8.638351
-5.511112,-11.771499
-1.155038,-24.125024
-11.520374,6.223156
4.441374,8.649645
23.485333,-4.954341
19.034350,19.298462
23.172441,-0.882559
0.750312,-0.970843
0.494918,20.452620
2.779977,-9.294832
17.483306,-11.080539
16.970146,18.058988
-18.578571,17.340999
-12.360066,16.122749
-8.206139,4.393489
11.542332,24.211813
9.058241,-12.470436
-8.643942,12.481589
-6.979287,-9.578621
-8.503301,-23.942181
-1.682899,-11.284113
18.553710,24.572313
22.681722,-6.059988
3.210851,24.602825
22.233686,-11.910371
16.631950,7.514598
-11.452946,10.848823
-8.127751,10.861968
-16.626064,11.820483
23.273087,-19.487038
-4.436896,-18.236110
18.296893,4.280673
21.032813,0.720702
14.361763,6.757082
-7.750460,20.684597
-21.534697,-7.085189
13.171486,-3.595390
4.748736,14.824346
3.215318,-10.169217
9.207407,4.846909
6.300702,16.693815
12.067124,-20.635152
11.286204,4.369714
-8.179845,14.584405
-12.154258,-22.321299
-13.354840,-9.817350
21.620622,-22.253779
-2.684139,-11.586930
12.930139,-9.841456
-4.430338,-1.069106
10.413081,11.547118
8.359734,-5.040502
20.764465,1.000296
11.889170,-18.766245
-9.066281,8.005334
19.406731,-3.764789
-10.495408,17.880016
20.940796,22.930824
24.353774,-12.776043
-1.796993,12.854466
17.578472,23.539583
-8.278834,9.371958
-20.836334,4.909478
24.833584,-1.340414
-11.437813,-18.742410
5.668835,-1.330515
21.124097,9.236587
-11.968821,-4.057689
-7.461281,-7.458821
13.451997,-14.789485
1.059037,-15.232439
-7.283579,-14.603735
-7.169060,-19.061733
13.537687,6.441913
-19.725838,23.152265
-21.009564,23.698702
22.913675,19.222151
20.418105,12.044143
-6.471463,12.948930
-20.119263,17.042328
-6.614853,-11.671530
9.518949,-8.839266
20.805550,23.197324
3.084075,-8.466048
4.533219,17.203251
-7.523503,17.252351
-9.050153,-2.791678
-24.222042,21.542649
-4.219462,-16.995070
21.479726,-24.516186
-8.307266,16.852313
-9.873771,-7.825950
-18.151057,-18.705229
5.884307,2.957705
2.283516,-14.354321
21.203463,7.680467
-14.424866,-4.227614
16.601297,-4.138196
-5.802128,10.569981
13.571725,20.959910
-14.177418,7.102378
19.181032,-8.486027
-2.646195,10.964458
19.711496,-14.175165
-7.036168,-9.099566
9.719218,-16.772609
4.431243,-15.379734
15.922426,17.801970
-16.759267,-16.306347
-16.670401,-14.303617
3.216827,12.653864
3.631585,17.516562
18.726557,-8.876133
4.897752,-2.974442
0.082757,14.825887
-9.810579,21.669657
-6.860860,-3.026828
16.355591,-17.026130
1.118940,14.972844
3.129001,-13.496868
12.311517,-23.501297
7.911836,11.980033
24.531666,-8.635303
9.402656,-20.397013
4.751808,-13.389547
12.858557,-22.110832
3.658760,14.971883
14.905159,-2.599709
21.164753,-21.669036
13.562124,23.764329
-11.527987,-9.747999
22.378255,-14.578293
18.170007,5.780885
4.461943,14.686896
-17.428405,8.609665
12.308135,-14.239836
4.304183,8.901546
12.807818,-19.790482
-21.845522,9.711821
-4.327412,15.542368
19.497100,23.286651
18.806766,16.457567
21.994338,19.056722
-8.223184,3.519985
-20.323876,20.964089
-0.186291,-20.130174
-20.291290,-20.397901
18.485683,10.107820
-19.647774,-18.614123
6.991733,6.680685
-8.169101,23.907739
-9.212986,-9.146873
17.678613,3.515622
3.452647,-9.856305
-0.967226,-8.161480
6.814953,6.526613
-12.245968,18.251264
-19.789125,-13.892070
-6.980892,-5.973481
0.920413,-14.185183
-17.348926,-2.885155
-18.761388,-0.295293
18.158192,13.182693
-11.641451,-17.327973
-8.509702,19.414807
-10.892630,23.099565
10.551534,22.357489
-23.770095,-5.253315
-24.729485,14.035290
-20.893805,16.942210
-10.429560,13.122730
17.991429,-5.539373
-20.543560,-7.752539
20.502627,23.864230
-17.779441,15.180980
8.735628,-21.478663
-14.360199,8.248750
-8.796578,14.727537
0.214158,12.251721
-24.804274,0.028681
-22.731691,13.002266
19.143502,3.263571
-21.516711,13.696662
4.730553,6.277515
-7.966780,15.214821
20.702917,2.276559
8.195919,-12.539843
-11.328473,19.756975
-5.319856,17.754321
-17.153592,4.440455
12.437372,-22.369450
-23.194245,-0.182832
23.988766,12.754522
0.278307,19.871917
8.263323,-20.761546
2.021752,0.376972
-3.042952,-24.153412
-5.070378,-15.073319
-13.624532,-6.287487
-8.767210,11.326189
7.189554,6.993082
11.265318,24.043450
-23.691327,-5.576915
-7.352195,-18.845226
-6.431029,18.550361
-19.086158,14.610309
-16.366256,17.671989
-3.025543,16.369040
-14.272773,24.191016
-6.965695,-8.782825
9.326439,-12.675653
13.553481,-15.532024
-8.017683,-23.928356
-24.094835,-11.693865
-16.994889,-11.701737
-10.556491,20.813131
-4.036738,-0.797323
-9.536868,24.928523
-2.196892,-23.616977
-8.303919,19.434598
-17.832655,-1.455210
-11.203721,-17.233690
1.049052,7.540447
15.208574,-7.450180
24.427574,-19.943387
8.957250,-7.197943
-15.140992,8.147903
-18.093295,-17.561853
3.610379,11.509103
-19.826410,-0.175884
16.490812,-1.513332
15.928674,3.569731
13.835492,7.066110
13.311835,-11.675103
12.722672,-0.231751
-12.360137,18.064347
15.594312,9.654331
-3.684720,0.835872
18.462472,12.961747
-17.769157,-20.080520
22.569117,-1.706260
-17.354799,12.143035
-23.003880,19.933018
-5.642447,-19.953169
-10.551386,-9.857535
-8.005130,-18.728813
7.934895,-0.015337
-6.408276,13.080969
12.486138,8.328037
11.926952,6.067973
-8.375107,-15.521647
13.390794,-3.815960
-11.566503,22.734748
-15.315103,-18.246554
-23.020817,2.980697
-5.342216,-22.616959
12.105505,-15.222925
11.452834,0.429700
-0.721520,-3.801152
-18.458927,21.455657
9.361350,5.367412
-11.760324,-5.969108
-6.726944,-22.062108
